# Game Level Exporter v1.3
LIGHT
Light
<Matrix 4x4 (-0.2909, -0.0552,  0.9552, 0.0000)
            (-0.8365,  0.4992, -0.2259, 0.0000)
            (-0.4644, -0.8647, -0.1914, 0.0000)
            (-1.0034,  5.8061,  1.0055, 1.0000)>
CAMERA
Camera
<Matrix 4x4 ( 0.6859,  0.0000,  0.7277, 0.0000)
            (-0.3240,  0.8954,  0.3054, 0.0000)
            (-0.6516, -0.4453,  0.6142, 0.0000)
            ( 7.3589,  6.1449, -6.9258, 1.0000)>
MESH
Barracks_SecondAge_Level1
<Matrix 4x4 (-0.0000, -0.0000, -3.2204, 0.0000)
            (-0.0000,  2.6495, -0.0000, 0.0000)
            ( 3.2204,  0.0000, -0.0000, 0.0000)
            (-7.5000,  0.0700,  0.1335, 1.0000)>
MESH
Barracks_SecondAge_Level1.001
<Matrix 4x4 (-0.0000,  0.0000,  3.1064, 0.0000)
            (-0.0000,  2.5557, -0.0000, 0.0000)
            (-3.1064, -0.0000, -0.0000, 0.0000)
            ( 7.5000,  0.0700,  0.1676, 1.0000)>
MESH
Archery_SecondAge_Level3
<Matrix 4x4 ( 2.8836,  0.0000, 0.0000, 0.0000)
            ( 0.0000,  2.8836, 0.0000, 0.0000)
            ( 0.0000, -0.0000, 2.8836, 0.0000)
            (-0.0608,  0.0600, 5.5000, 1.0000)>
MESH
Archery_SecondAge_Level3.001
<Matrix 4x4 (-2.8836,  0.0000,  0.0000, 0.0000)
            (-0.0000,  2.8836, -0.0000, 0.0000)
            (-0.0000, -0.0000, -2.8836, 0.0000)
            ( 0.2477,  0.0600, -5.5000, 1.0000)>
MESH
Crate_Stack1
<Matrix 4x4 (5.6759,  0.0000,  0.0000, 0.0000)
            (0.0000,  5.6759,  0.0000, 0.0000)
            (0.0000, -0.0000,  5.6759, 0.0000)
            (3.5518,  0.0500, -2.4836, 1.0000)>
MESH
Crate_Stack1.001
<Matrix 4x4 (5.6759,  0.0000, 0.0000, 0.0000)
            (0.0000,  5.6759, 0.0000, 0.0000)
            (0.0000, -0.0000, 5.6759, 0.0000)
            (3.5518,  0.0500, 2.0029, 1.0000)>
MESH
Crate_Stack1.002
<Matrix 4x4 ( 5.6759,  0.0000, 0.0000, 0.0000)
            ( 0.0000,  5.6759, 0.0000, 0.0000)
            ( 0.0000, -0.0000, 5.6759, 0.0000)
            (-3.7921,  0.0000, 2.0029, 1.0000)>
MESH
Crate_Stack1.003
<Matrix 4x4 ( 5.6759,  0.0000,  0.0000, 0.0000)
            ( 0.0000,  5.6759,  0.0000, 0.0000)
            ( 0.0000, -0.0000,  5.6759, 0.0000)
            (-3.7921,  0.0500, -2.1364, 1.0000)>
MESH
Farm_SecondAge_Level1_Wheat
<Matrix 4x4 (-0.0000, 0.0000,  3.5000, 0.0000)
            ( 0.0000, 3.5000,  0.0000, 0.0000)
            (-3.5000, 0.0000, -0.0000, 0.0000)
            ( 6.5598, 0.0000,  4.8204, 1.0000)>
MESH
Farm_SecondAge_Level1_Wheat.001
<Matrix 4x4 (-0.0000,  0.0000,  3.5000, 0.0000)
            (-0.0000,  3.5000, -0.0000, 0.0000)
            (-3.5000, -0.0000, -0.0000, 0.0000)
            ( 7.1936,  0.0000,  4.8287, 1.0000)>
MESH
Farm_SecondAge_Level1_Wheat.002
<Matrix 4x4 (-0.0000,  0.0000,  3.5000, 0.0000)
            (-0.0000,  3.5000, -0.0000, 0.0000)
            (-3.5000, -0.0000, -0.0000, 0.0000)
            ( 7.6984, -0.0843,  4.8963, 1.0000)>
MESH
Farm_SecondAge_Level1_Wheat.003
<Matrix 4x4 (-3.5000,  0.0000, -0.0000, 0.0000)
            ( 0.0000,  3.5000, -0.0000, 0.0000)
            ( 0.0000, -0.0000, -3.5000, 0.0000)
            (-6.5485,  0.0000,  6.5009, 1.0000)>
MESH
Farm_SecondAge_Level1_Wheat.004
<Matrix 4x4 (-3.5000,  0.0000, -0.0000, 0.0000)
            ( 0.0000,  3.5000, -0.0000, 0.0000)
            ( 0.0000, -0.0000, -3.5000, 0.0000)
            (-6.5560,  0.0000,  7.1347, 1.0000)>
MESH
Farm_SecondAge_Level1_Wheat.005
<Matrix 4x4 (-3.5000,  0.0000, -0.0000, 0.0000)
            ( 0.0000,  3.5000, -0.0000, 0.0000)
            ( 0.0000, -0.0000, -3.5000, 0.0000)
            (-6.6229, -0.0843,  7.6396, 1.0000)>
MESH
Farm_SecondAge_Level1_Wheat.006
<Matrix 4x4 ( 0.0000,  0.0000, -3.5000, 0.0000)
            ( 0.0000,  3.5000,  0.0000, 0.0000)
            ( 3.5000, -0.0000,  0.0000, 0.0000)
            (-7.3760,  0.0000, -4.6787, 1.0000)>
MESH
Farm_SecondAge_Level1_Wheat.007
<Matrix 4x4 ( 0.0000,  0.0000, -3.5000, 0.0000)
            ( 0.0000,  3.5000,  0.0000, 0.0000)
            ( 3.5000, -0.0000,  0.0000, 0.0000)
            (-8.0085,  0.0000, -4.7212, 1.0000)>
MESH
Farm_SecondAge_Level1_Wheat.008
<Matrix 4x4 ( 0.0000,  0.0000, -3.5000, 0.0000)
            ( 0.0000,  3.5000,  0.0000, 0.0000)
            ( 3.5000, -0.0000,  0.0000, 0.0000)
            (-8.5089, -0.0843, -4.8159, 1.0000)>
MESH
Farm_SecondAge_Level1_Wheat.009
<Matrix 4x4 ( 3.5000,  0.0000,  0.0181, 0.0000)
            (-0.0000,  3.5000,  0.0000, 0.0000)
            (-0.0181, -0.0000,  3.5000, 0.0000)
            ( 6.1797,  0.0000, -5.4858, 1.0000)>
MESH
Farm_SecondAge_Level1_Wheat.010
<Matrix 4x4 ( 3.5000,  0.0000,  0.0181, 0.0000)
            (-0.0000,  3.5000,  0.0000, 0.0000)
            (-0.0181, -0.0000,  3.5000, 0.0000)
            ( 6.2254,  0.0000, -6.1179, 1.0000)>
MESH
Farm_SecondAge_Level1_Wheat.011
<Matrix 4x4 ( 3.5000,  0.0000,  0.0181, 0.0000)
            (-0.0000,  3.5000,  0.0000, 0.0000)
            (-0.0181, -0.0000,  3.5000, 0.0000)
            ( 6.3227, -0.0843, -6.6179, 1.0000)>
MESH
Houses_FirstAge_3_Level3
<Matrix 4x4 (2.0683,  0.0000, 0.0000, 0.0000)
            (0.0000,  2.0683, 0.0000, 0.0000)
            (0.0000, -0.0000, 2.0683, 0.0000)
            (0.0000,  0.0604, 0.0000, 1.0000)>
MESH
Mountain_Group_2
<Matrix 4x4 ( 3.8046,  0.0000,   0.0000, 0.0000)
            ( 0.0000,  3.8046,   0.0000, 0.0000)
            ( 0.0000, -0.0000,   3.8046, 0.0000)
            (-7.2606, -0.5565, -36.3092, 1.0000)>
MESH
Mountain_Group_2.001
<Matrix 4x4 ( 3.8046,  0.0000,   0.0000, 0.0000)
            ( 0.0000,  3.8046,   0.0000, 0.0000)
            ( 0.0000, -0.0000,   3.8046, 0.0000)
            (-5.4324, -0.4703, -36.0812, 1.0000)>
MESH
Mountain_Group_2.002
<Matrix 4x4 (-1.5867,  0.0000,   4.2883, 0.0000)
            (-0.0000,  4.5725,  -0.0000, 0.0000)
            (-4.2883, -0.0000,  -1.5867, 0.0000)
            (-3.1283, -0.5997, -45.1794, 1.0000)>
MESH
Mountain_Group_2.003
<Matrix 4x4 (-3.2931,  0.0000,  -3.1722, 0.0000)
            ( 0.0000,  4.5725,  -0.0000, 0.0000)
            ( 3.1722, -0.0000,  -3.2931, 0.0000)
            ( 4.4515, -0.5997, -45.1794, 1.0000)>
MESH
Mountain_Group_2.004
<Matrix 4x4 (3.8046,  0.0000,   0.0000, 0.0000)
            (0.0000,  3.8046,   0.0000, 0.0000)
            (0.0000, -0.0000,   3.8046, 0.0000)
            (7.7462, -0.5565, -36.3092, 1.0000)>
MESH
Mountain_Group_2.005
<Matrix 4x4 (  2.8387,  0.0000,  -2.5331, 0.0000)
            (  0.0000,  3.8046,   0.0000, 0.0000)
            (  2.5331, -0.0000,   2.8387, 0.0000)
            (-20.5667, -0.5565, -32.8467, 1.0000)>
MESH
Mountain_Group_2.006
<Matrix 4x4 (  2.8387,  0.0000,  -2.5331, 0.0000)
            (  0.0000,  3.8046,   0.0000, 0.0000)
            (  2.5331, -0.0000,   2.8387, 0.0000)
            (-19.0508, -0.4703, -33.8939, 1.0000)>
MESH
Mountain_Group_2.007
<Matrix 4x4 (  1.6713,  0.0000,   4.2561, 0.0000)
            ( -0.0000,  4.5725,   0.0000, 0.0000)
            ( -4.2561, -0.0000,   1.6713, 0.0000)
            (-23.3893, -0.5997, -42.2164, 1.0000)>
MESH
Mountain_Group_2.008
<Matrix 4x4 ( -4.5691,  0.0000,  -0.1743, 0.0000)
            (  0.0000,  4.5725,  -0.0000, 0.0000)
            (  0.1743, -0.0000,  -4.5691, 0.0000)
            (-17.7338, -0.5997, -47.2631, 1.0000)>
MESH
Mountain_Group_2.009
<Matrix 4x4 ( 2.8387,  0.0000,  -2.5331, 0.0000)
            ( 0.0000,  3.8046,   0.0000, 0.0000)
            ( 2.5331, -0.0000,   2.8387, 0.0000)
            (-9.3697, -0.5565, -42.8383, 1.0000)>
MESH
Mountain_Group_2.010
<Matrix 4x4 ( -2.5727,  0.0000,   2.8029, 0.0000)
            ( -0.0000,  3.8046,  -0.0000, 0.0000)
            ( -2.8029, -0.0000,  -2.5727, 0.0000)
            (-43.6842, -0.5565, -31.7856, 1.0000)>
MESH
Mountain_Group_2.011
<Matrix 4x4 ( -2.5727,  0.0000,   2.8029, 0.0000)
            ( -0.0000,  3.8046,  -0.0000, 0.0000)
            ( -2.8029, -0.0000,  -2.5727, 0.0000)
            (-45.0884, -0.4703, -30.5929, 1.0000)>
MESH
Mountain_Group_2.012
<Matrix 4x4 ( -2.0863,  0.0000,  -4.0687, 0.0000)
            (  0.0000,  4.5725,  -0.0000, 0.0000)
            (  4.0687, -0.0000,  -2.0863, 0.0000)
            (-39.9438, -0.5997, -22.7431, 1.0000)>
MESH
Mountain_Group_2.013
<Matrix 4x4 (  4.5638,  0.0000,  -0.2810, 0.0000)
            (  0.0000,  4.5725,   0.0000, 0.0000)
            (  0.2810, -0.0000,   4.5638, 0.0000)
            (-45.0694, -0.5997, -17.1590, 1.0000)>
MESH
Mountain_Group_2.014
<Matrix 4x4 ( -2.5727,  0.0000,   2.8029, 0.0000)
            ( -0.0000,  3.8046,  -0.0000, 0.0000)
            ( -2.8029, -0.0000,  -2.5727, 0.0000)
            (-53.8321, -0.5565, -20.7300, 1.0000)>
MESH
Mountain_Group_2.015
<Matrix 4x4 ( -0.0534,  0.0000,   3.8042, 0.0000)
            ( -0.0000,  3.8046,  -0.0000, 0.0000)
            ( -3.8042, -0.0000,  -0.0534, 0.0000)
            (-37.2373, -0.5565, -43.9296, 1.0000)>
MESH
Mountain_Group_2.016
<Matrix 4x4 ( -0.0534,  0.0000,   3.8042, 0.0000)
            ( -0.0000,  3.8046,  -0.0000, 0.0000)
            ( -3.8042, -0.0000,  -0.0534, 0.0000)
            (-37.4909, -0.4703, -42.1048, 1.0000)>
MESH
Mountain_Group_2.017
<Matrix 4x4 ( -4.2656,  0.0000,  -1.6467, 0.0000)
            (  0.0000,  4.5725,  -0.0000, 0.0000)
            (  1.6467, -0.0000,  -4.2656, 0.0000)
            (-28.4259, -0.5997, -39.6731, 1.0000)>
MESH
Mountain_Group_2.018
<Matrix 4x4 (  3.2181,  0.0000,  -3.2483, 0.0000)
            (  0.0000,  4.5725,   0.0000, 0.0000)
            (  3.2483, -0.0000,   3.2181, 0.0000)
            (-28.5323, -0.5997, -32.0940, 1.0000)>
MESH
Mountain_Group_2.019
<Matrix 4x4 ( -0.0534,  0.0000,   3.8042, 0.0000)
            ( -0.0000,  3.8046,  -0.0000, 0.0000)
            ( -3.8042, -0.0000,  -0.0534, 0.0000)
            (-37.4480, -0.5565, -28.9242, 1.0000)>
MESH
Mountain_Group_2.020
<Matrix 4x4 (  0.2463,  0.0000, -3.7966, 0.0000)
            (  0.0000,  3.8046,  0.0000, 0.0000)
            (  3.7966, -0.0000,  0.2463, 0.0000)
            (-41.1137, -0.5565, -9.4993, 1.0000)>
MESH
Mountain_Group_2.021
<Matrix 4x4 (  0.2463,  0.0000,  -3.7966, 0.0000)
            (  0.0000,  3.8046,   0.0000, 0.0000)
            (  3.7966, -0.0000,   0.2463, 0.0000)
            (-40.7679, -0.4703, -11.3089, 1.0000)>
MESH
Mountain_Group_2.022
<Matrix 4x4 (  4.1766,  0.0000,   1.8609, 0.0000)
            ( -0.0000,  4.5725,   0.0000, 0.0000)
            ( -1.8609, -0.0000,   4.1766, 0.0000)
            (-49.6980, -0.5997, -14.1971, 1.0000)>
MESH
Mountain_Group_2.023
<Matrix 4x4 ( -3.3787,  0.0000,   3.0809, 0.0000)
            ( -0.0000,  4.5725,  -0.0000, 0.0000)
            ( -3.0809, -0.0000,  -3.3787, 0.0000)
            (-49.2073, -0.5997, -21.7611, 1.0000)>
MESH
Mountain_Group_2.024
<Matrix 4x4 (  0.2463,  0.0000,  -3.7966, 0.0000)
            (  0.0000,  3.8046,   0.0000, 0.0000)
            (  3.7966, -0.0000,   0.2463, 0.0000)
            (-40.1424, -0.5565, -24.4747, 1.0000)>
MESH
Mountain_Group_2.025
<Matrix 4x4 ( -2.3441,  0.0000, -2.9967, 0.0000)
            (  0.0000,  3.8046, -0.0000, 0.0000)
            (  2.9967, -0.0000, -2.3441, 0.0000)
            (-38.5198, -0.5565,  4.0029, 1.0000)>
MESH
Mountain_Group_2.026
<Matrix 4x4 ( -2.3441,  0.0000, -2.9967, 0.0000)
            (  0.0000,  3.8046, -0.0000, 0.0000)
            (  2.9967, -0.0000, -2.3441, 0.0000)
            (-39.4667, -0.4703,  2.4225, 1.0000)>
MESH
Mountain_Group_2.027
<Matrix 4x4 (  4.3553,  0.0000, -1.3923, 0.0000)
            (  0.0000,  4.5725,  0.0000, 0.0000)
            (  1.3923, -0.0000,  4.3553, 0.0000)
            (-48.0525, -0.5997,  6.2132, 1.0000)>
MESH
Mountain_Group_2.028
<Matrix 4x4 ( -0.4697,  0.0000,  4.5483, 0.0000)
            ( -0.0000,  4.5725, -0.0000, 0.0000)
            ( -4.5483, -0.0000, -0.4697, 0.0000)
            (-52.7226, -0.5997,  0.2428, 1.0000)>
MESH
Mountain_Group_2.029
<Matrix 4x4 ( -2.3441,  0.0000, -2.9967, 0.0000)
            (  0.0000,  3.8046, -0.0000, 0.0000)
            (  2.9967, -0.0000, -2.3441, 0.0000)
            (-47.7657, -0.5565, -7.8173, 1.0000)>
MESH
Mountain_Group_2.030
<Matrix 4x4 (  2.6305,  0.0000,  2.7487, 0.0000)
            ( -0.0000,  3.8046,  0.0000, 0.0000)
            ( -2.7487, -0.0000,  2.6305, 0.0000)
            (-38.9573, -0.5565, 27.1407, 1.0000)>
MESH
Mountain_Group_2.031
<Matrix 4x4 (  2.6305,  0.0000,  2.7487, 0.0000)
            ( -0.0000,  3.8046,  0.0000, 0.0000)
            ( -2.7487, -0.0000,  2.6305, 0.0000)
            (-37.8580, -0.4703, 28.6191, 1.0000)>
MESH
Mountain_Group_2.032
<Matrix 4x4 ( -4.1953,  0.0000,  1.8186, 0.0000)
            ( -0.0000,  4.5725, -0.0000, 0.0000)
            ( -1.8186, -0.0000, -4.1953, 0.0000)
            (-29.6916, -0.5997, 23.9934, 1.0000)>
MESH
Mountain_Group_2.033
<Matrix 4x4 (  0.0150,  0.0000, -4.5724, 0.0000)
            (  0.0000,  4.5725,  0.0000, 0.0000)
            (  4.5724, -0.0000,  0.0150, 0.0000)
            (-24.4510, -0.5997, 29.4696, 1.0000)>
MESH
Mountain_Group_2.034
<Matrix 4x4 (  2.6305,  0.0000,  2.7487, 0.0000)
            ( -0.0000,  3.8046,  0.0000, 0.0000)
            ( -2.7487, -0.0000,  2.6305, 0.0000)
            (-28.5817, -0.5565, 37.9828, 1.0000)>
MESH
Mountain_Group_2.035
<Matrix 4x4 (  3.7928,  0.0000,  0.2995, 0.0000)
            ( -0.0000,  3.8046,  0.0000, 0.0000)
            ( -0.2995, -0.0000,  3.7928, 0.0000)
            (-50.6585, -0.5565, 19.9213, 1.0000)>
MESH
Mountain_Group_2.036
<Matrix 4x4 (  3.7928,  0.0000,  0.2995, 0.0000)
            ( -0.0000,  3.8046,  0.0000, 0.0000)
            ( -0.2995, -0.0000,  3.7928, 0.0000)
            (-48.8539, -0.4703, 20.2924, 1.0000)>
MESH
Mountain_Group_2.037
<Matrix 4x4 ( -1.9194,  0.0000,  4.1501, 0.0000)
            ( -0.0000,  4.5725, -0.0000, 0.0000)
            ( -4.1501, -0.0000, -1.9194, 0.0000)
            (-45.8406, -0.5997, 11.4038, 1.0000)>
MESH
Mountain_Group_2.038
<Matrix 4x4 ( -3.0331,  0.0000, -3.4216, 0.0000)
            (  0.0000,  4.5725, -0.0000, 0.0000)
            (  3.4216, -0.0000, -3.0331, 0.0000)
            (-38.2843, -0.5997, 12.0006, 1.0000)>
MESH
Mountain_Group_2.039
<Matrix 4x4 (  3.7928,  0.0000,  0.2995, 0.0000)
            ( -0.0000,  3.8046,  0.0000, 0.0000)
            ( -0.2995, -0.0000,  3.7928, 0.0000)
            (-35.6982, -0.5565, 21.1027, 1.0000)>
MESH
Mountain_Group_2.040
<Matrix 4x4 (  3.0070,  0.0000,  2.3309, 0.0000)
            ( -0.0000,  3.8046,  0.0000, 0.0000)
            ( -2.3309, -0.0000,  3.0070, 0.0000)
            (-27.4428, -0.5565, 37.2331, 1.0000)>
MESH
Mountain_Group_2.041
<Matrix 4x4 (  3.0070,  0.0000,  2.3309, 0.0000)
            ( -0.0000,  3.8046,  0.0000, 0.0000)
            ( -2.3309, -0.0000,  3.0070, 0.0000)
            (-26.1375, -0.4703, 38.5333, 1.0000)>
MESH
Mountain_Group_2.042
<Matrix 4x4 ( -3.8813,  0.0000,  2.4173, 0.0000)
            ( -0.0000,  4.5725, -0.0000, 0.0000)
            ( -2.4173, -0.0000, -3.8813, 0.0000)
            (-18.7425, -0.5997, 32.7540, 1.0000)>
MESH
Mountain_Group_2.043
<Matrix 4x4 ( -0.6593,  0.0000, -4.5247, 0.0000)
            (  0.0000,  4.5725, -0.0000, 0.0000)
            (  4.5247, -0.0000, -0.6593, 0.0000)
            (-12.7517, -0.5997, 37.3977, 1.0000)>
MESH
Mountain_Group_2.044
<Matrix 4x4 (  3.0070,  0.0000,  2.3309, 0.0000)
            ( -0.0000,  3.8046,  0.0000, 0.0000)
            ( -2.3309, -0.0000,  3.0070, 0.0000)
            (-15.5820, -0.5565, 46.4269, 1.0000)>
MESH
Mountain_Group_2.045
<Matrix 4x4 (  3.7955,  0.0000, -0.2630, 0.0000)
            (  0.0000,  3.8046,  0.0000, 0.0000)
            (  0.2630, -0.0000,  3.7955, 0.0000)
            (-40.0806, -0.5565, 31.8178, 1.0000)>
MESH
Mountain_Group_2.046
<Matrix 4x4 (  3.7955,  0.0000, -0.2630, 0.0000)
            (  0.0000,  3.8046,  0.0000, 0.0000)
            (  0.2630, -0.0000,  3.7955, 0.0000)
            (-38.2410, -0.4703, 31.9189, 1.0000)>
MESH
Mountain_Group_2.047
<Matrix 4x4 ( -1.2865,  0.0000,  4.3877, 0.0000)
            ( -0.0000,  4.5725, -0.0000, 0.0000)
            ( -4.3877, -0.0000, -1.2865, 0.0000)
            (-36.5713, -0.5997, 22.6831, 1.0000)>
MESH
Mountain_Group_2.048
<Matrix 4x4 ( -3.5045,  0.0000, -2.9370, 0.0000)
            (  0.0000,  4.5725, -0.0000, 0.0000)
            (  2.9370, -0.0000, -3.5045, 0.0000)
            (-29.0095, -0.5997, 22.1592, 1.0000)>
MESH
Mountain_Group_2.049
<Matrix 4x4 (  3.7955,  0.0000, -0.2630, 0.0000)
            (  0.0000,  3.8046,  0.0000, 0.0000)
            (  0.2630, -0.0000,  3.7955, 0.0000)
            (-25.1097, -0.5565, 30.7806, 1.0000)>
MESH
Mountain_Group_2.050
<Matrix 4x4 (-3.8039,  0.0000,  0.0702, 0.0000)
            (-0.0000,  3.8046, -0.0000, 0.0000)
            (-0.0702, -0.0000, -3.8039, 0.0000)
            (-5.4473, -0.5565, 32.8191, 1.0000)>
MESH
Mountain_Group_2.051
<Matrix 4x4 (-3.8039,  0.0000,  0.0702, 0.0000)
            (-0.0000,  3.8046, -0.0000, 0.0000)
            (-0.0702, -0.0000, -3.8039, 0.0000)
            (-7.2794, -0.4703, 32.6249, 1.0000)>
MESH
Mountain_Group_2.052
<Matrix 4x4 ( 1.5073,  0.0000, -4.3169, 0.0000)
            ( 0.0000,  4.5725,  0.0000, 0.0000)
            ( 4.3169, -0.0000,  1.5073, 0.0000)
            (-9.4153, -0.5997, 41.7641, 1.0000)>
MESH
Mountain_Group_2.053
<Matrix 4x4 (  3.3511,  0.0000,  3.1109, 0.0000)
            ( -0.0000,  4.5725,  0.0000, 0.0000)
            ( -3.1109, -0.0000,  3.3511, 0.0000)
            (-16.9939, -0.5997, 41.9039, 1.0000)>
MESH
Mountain_Group_2.054
<Matrix 4x4 ( -3.8039,  0.0000,  0.0702, 0.0000)
            ( -0.0000,  3.8046, -0.0000, 0.0000)
            ( -0.0702, -0.0000, -3.8039, 0.0000)
            (-20.4515, -0.5565, 33.0958, 1.0000)>
MESH
Mountain_Group_2.055
<Matrix 4x4 (-2.7915,  0.0000,  2.5850, 0.0000)
            (-0.0000,  3.8046, -0.0000, 0.0000)
            (-2.5850, -0.0000, -2.7915, 0.0000)
            ( 7.7926, -0.5565, 29.1119, 1.0000)>
MESH
Mountain_Group_2.056
<Matrix 4x4 (-2.7915,  0.0000,  2.5850, 0.0000)
            (-0.0000,  3.8046, -0.0000, 0.0000)
            (-2.5850, -0.0000, -2.7915, 0.0000)
            ( 6.2964, -0.4703, 30.1868, 1.0000)>
MESH
Mountain_Group_2.057
<Matrix 4x4 (-1.7495,  0.0000, -4.2245, 0.0000)
            ( 0.0000,  4.5725, -0.0000, 0.0000)
            ( 4.2245, -0.0000, -1.7495, 0.0000)
            (10.7876, -0.5997, 38.4279, 1.0000)>
MESH
Mountain_Group_2.058
<Matrix 4x4 ( 4.5716,  0.0000,  0.0900, 0.0000)
            (-0.0000,  4.5725,  0.0000, 0.0000)
            (-0.0900, -0.0000,  4.5716, 0.0000)
            ( 5.2261, -0.5997, 43.5781, 1.0000)>
MESH
Mountain_Group_2.059
<Matrix 4x4 (-2.7915,  0.0000,  2.5850, 0.0000)
            (-0.0000,  3.8046, -0.0000, 0.0000)
            (-2.5850, -0.0000, -2.7915, 0.0000)
            (-3.2182, -0.5565, 39.3083, 1.0000)>
MESH
Mountain_Group_2.060
<Matrix 4x4 ( 2.5206,  0.0000, -2.8498, 0.0000)
            ( 0.0000,  3.8046,  0.0000, 0.0000)
            ( 2.8498, -0.0000,  2.5206, 0.0000)
            (30.8867, -0.5565, 27.6247, 1.0000)>
MESH
Mountain_Group_2.061
<Matrix 4x4 ( 2.5206,  0.0000, -2.8498, 0.0000)
            ( 0.0000,  3.8046,  0.0000, 0.0000)
            ( 2.8498, -0.0000,  2.5206, 0.0000)
            (32.2687, -0.4703, 26.4063, 1.0000)>
MESH
Mountain_Group_2.062
<Matrix 4x4 ( 2.1610,  0.0000,  4.0296, 0.0000)
            (-0.0000,  4.5725,  0.0000, 0.0000)
            (-4.0296, -0.0000,  2.1610, 0.0000)
            (26.9802, -0.5997, 18.6527, 1.0000)>
MESH
Mountain_Group_2.063
<Matrix 4x4 (-4.5579,  0.0000,  0.3651, 0.0000)
            (-0.0000,  4.5725, -0.0000, 0.0000)
            (-0.3651, -0.0000, -4.5579, 0.0000)
            (32.0019, -0.5997, 12.9750, 1.0000)>
MESH
Mountain_Group_2.064
<Matrix 4x4 ( 2.5206,  0.0000, -2.8498, 0.0000)
            ( 0.0000,  3.8046,  0.0000, 0.0000)
            ( 2.8498, -0.0000,  2.5206, 0.0000)
            (40.8289, -0.5565, 16.3839, 1.0000)>
MESH
Mountain_Group_2.065
<Matrix 4x4 (-0.0167,  0.0000, -3.8046, 0.0000)
            ( 0.0000,  3.8046, -0.0000, 0.0000)
            ( 3.8046, -0.0000, -0.0167, 0.0000)
            (24.6648, -0.5565, 39.8855, 1.0000)>
MESH
Mountain_Group_2.066
<Matrix 4x4 (-0.0167,  0.0000, -3.8046, 0.0000)
            ( 0.0000,  3.8046, -0.0000, 0.0000)
            ( 3.8046, -0.0000, -0.0167, 0.0000)
            (24.8847, -0.4703, 38.0563, 1.0000)>
MESH
Mountain_Group_2.067
<Matrix 4x4 ( 4.2953,  0.0000,  1.5678, 0.0000)
            (-0.0000,  4.5725,  0.0000, 0.0000)
            (-1.5678, -0.0000,  4.2953, 0.0000)
            (15.7765, -0.5997, 35.7923, 1.0000)>
MESH
Mountain_Group_2.068
<Matrix 4x4 (-3.1577,  0.0000,  3.3070, 0.0000)
            (-0.0000,  4.5725, -0.0000, 0.0000)
            (-3.3070, -0.0000, -3.1577, 0.0000)
            (15.7431, -0.5997, 28.2125, 1.0000)>
MESH
Mountain_Group_2.069
<Matrix 4x4 (-0.0167,  0.0000, -3.8046, 0.0000)
            ( 0.0000,  3.8046, -0.0000, 0.0000)
            ( 3.8046, -0.0000, -0.0167, 0.0000)
            (24.5988, -0.5565, 24.8788, 1.0000)>
MESH
Mountain_Group_2.070
<Matrix 4x4 ( 1.5742,  0.0000, -3.4636, 0.0000)
            ( 0.0000,  3.8046,  0.0000, 0.0000)
            ( 3.4636, -0.0000,  1.5742, 0.0000)
            (45.9126, -0.5565,  9.8248, 1.0000)>
MESH
Mountain_Group_2.071
<Matrix 4x4 ( 1.5742,  0.0000, -3.4636, 0.0000)
            ( 0.0000,  3.8046,  0.0000, 0.0000)
            ( 3.4636, -0.0000,  1.5742, 0.0000)
            (46.8766, -0.4703,  8.2547, 1.0000)>
MESH
Mountain_Group_2.072
<Matrix 4x4 ( 3.2475,  0.0000, 3.2189, 0.0000)
            (-0.0000,  4.5725, 0.0000, 0.0000)
            (-3.2189, -0.0000, 3.2475, 0.0000)
            (39.5471, -0.5997, 2.3925, 1.0000)>
MESH
Mountain_Group_2.073
<Matrix 4x4 (-4.2505,  0.0000,  1.6854, 0.0000)
            (-0.0000,  4.5725, -0.0000, 0.0000)
            (-1.6854, -0.0000, -4.2505, 0.0000)
            (42.6834, -0.5997, -4.5080, 1.0000)>
MESH
Mountain_Group_2.074
<Matrix 4x4 ( 1.5742,  0.0000, -3.4636, 0.0000)
            ( 0.0000,  3.8046,  0.0000, 0.0000)
            ( 3.4636, -0.0000,  1.5742, 0.0000)
            (52.1220, -0.5565, -3.8372, 1.0000)>
MESH
Mountain_Group_2.075
<Matrix 4x4 (-1.1315,  0.0000, -3.6324, 0.0000)
            ( 0.0000,  3.8046, -0.0000, 0.0000)
            ( 3.6324, -0.0000, -1.1315, 0.0000)
            (43.5591, -0.5565, 23.3710, 1.0000)>
MESH
Mountain_Group_2.076
<Matrix 4x4 (-1.1315,  0.0000, -3.6324, 0.0000)
            ( 0.0000,  3.8046, -0.0000, 0.0000)
            ( 3.6324, -0.0000, -1.1315, 0.0000)
            (43.2330, -0.4703, 21.5577, 1.0000)>
MESH
Mountain_Group_2.077
<Matrix 4x4 ( 4.5662,  0.0000,  0.2395, 0.0000)
            (-0.0000,  4.5725,  0.0000, 0.0000)
            (-0.2395, -0.0000,  4.5662, 0.0000)
            (33.8612, -0.5997, 22.0638, 1.0000)>
MESH
Mountain_Group_2.078
<Matrix 4x4 (-2.0492,  0.0000,  4.0875, 0.0000)
            (-0.0000,  4.5725, -0.0000, 0.0000)
            (-4.0875, -0.0000, -2.0492, 0.0000)
            (31.6069, -0.5997, 14.8269, 1.0000)>
MESH
Mountain_Group_2.079
<Matrix 4x4 (-1.1315,  0.0000, -3.6324, 0.0000)
            ( 0.0000,  3.8046, -0.0000, 0.0000)
            ( 3.6324, -0.0000, -1.1315, 0.0000)
            (39.0959, -0.5565,  9.0432, 1.0000)>
MESH
Mountain_Group_2.080
<Matrix 4x4 ( 0.9459,  0.0000,   3.6851, 0.0000)
            (-0.0000,  3.8046,   0.0000, 0.0000)
            (-3.6851, -0.0000,   0.9459, 0.0000)
            (36.5431, -0.5565, -10.5590, 1.0000)>
MESH
Mountain_Group_2.081
<Matrix 4x4 ( 0.9459,  0.0000,  3.6851, 0.0000)
            (-0.0000,  3.8046,  0.0000, 0.0000)
            (-3.6851, -0.0000,  0.9459, 0.0000)
            (36.7768, -0.4703, -8.7316, 1.0000)>
MESH
Mountain_Group_2.082
<Matrix 4x4 (-4.5482,  0.0000, -0.4707, 0.0000)
            ( 0.0000,  4.5725, -0.0000, 0.0000)
            ( 0.4707, -0.0000, -4.5482, 0.0000)
            (46.1623, -0.5997, -8.7617, 1.0000)>
MESH
Mountain_Group_2.083
<Matrix 4x4 ( 2.2539,  0.0000, -3.9784, 0.0000)
            ( 0.0000,  4.5725,  0.0000, 0.0000)
            ( 3.9784, -0.0000,  2.2539, 0.0000)
            (48.0467, -0.5997, -1.4198, 1.0000)>
MESH
Mountain_Group_2.084
<Matrix 4x4 ( 0.9459,  0.0000, 3.6851, 0.0000)
            (-0.0000,  3.8046, 0.0000, 0.0000)
            (-3.6851, -0.0000, 0.9459, 0.0000)
            (40.2740, -0.5565, 3.9766, 1.0000)>
MESH
Mountain_Group_2.085
<Matrix 4x4 ( 3.1593,  0.0000,   2.1198, 0.0000)
            (-0.0000,  3.8046,   0.0000, 0.0000)
            (-2.1198, -0.0000,   3.1593, 0.0000)
            (29.8814, -0.5565, -22.5865, 1.0000)>
MESH
Mountain_Group_2.086
<Matrix 4x4 ( 3.1593,  0.0000,   2.1198, 0.0000)
            (-0.0000,  3.8046,   0.0000, 0.0000)
            (-2.1198, -0.0000,   3.1593, 0.0000)
            (31.2725, -0.4703, -21.3786, 1.0000)>
MESH
Mountain_Group_2.087
<Matrix 4x4 (-3.7069,  0.0000,   2.6770, 0.0000)
            (-0.0000,  4.5725,  -0.0000, 0.0000)
            (-2.6770, -0.0000,  -3.7069, 0.0000)
            (38.2551, -0.5997, -27.6499, 1.0000)>
MESH
Mountain_Group_2.088
<Matrix 4x4 (-0.9671,  0.0000,  -4.4690, 0.0000)
            ( 0.0000,  4.5725,  -0.0000, 0.0000)
            ( 4.4690, -0.0000,  -0.9671, 0.0000)
            (44.5494, -0.5997, -23.4266, 1.0000)>
MESH
Mountain_Group_2.089
<Matrix 4x4 ( 3.1593,  0.0000,   2.1198, 0.0000)
            (-0.0000,  3.8046,   0.0000, 0.0000)
            (-2.1198, -0.0000,   3.1593, 0.0000)
            (42.3430, -0.5565, -14.2251, 1.0000)>
MESH
Mountain_Group_2.090
<Matrix 4x4 (-3.3545,  0.0000,  -1.7951, 0.0000)
            ( 0.0000,  3.8046,  -0.0000, 0.0000)
            ( 1.7951, -0.0000,  -3.3545, 0.0000)
            (23.1063, -0.5565, -44.7144, 1.0000)>
MESH
Mountain_Group_2.091
<Matrix 4x4 (-3.3545,  0.0000,  -1.7951, 0.0000)
            ( 0.0000,  3.8046,  -0.0000, 0.0000)
            ( 1.7951, -0.0000,  -3.3545, 0.0000)
            (21.6019, -0.4703, -45.7780, 1.0000)>
MESH
Mountain_Group_2.092
<Matrix 4x4 ( 3.4223,  0.0000,  -3.0323, 0.0000)
            ( 0.0000,  4.5725,   0.0000, 0.0000)
            ( 3.0323, -0.0000,   3.4223, 0.0000)
            (15.2776, -0.5997, -38.8433, 1.0000)>
MESH
Mountain_Group_2.093
<Matrix 4x4 ( 1.4068,  0.0000,   4.3507, 0.0000)
            (-0.0000,  4.5725,   0.0000, 0.0000)
            (-4.3507, -0.0000,   1.4068, 0.0000)
            ( 8.5945, -0.5997, -42.4197, 1.0000)>
MESH
Mountain_Group_2.094
<Matrix 4x4 (-3.3545,  0.0000,  -1.7951, 0.0000)
            ( 0.0000,  3.8046,  -0.0000, 0.0000)
            ( 1.7951, -0.0000,  -3.3545, 0.0000)
            ( 9.8749, -0.5565, -51.7951, 1.0000)>
MESH
Mountain_Group_2.095
<Matrix 4x4 (-3.6981,  0.0000,   0.8940, 0.0000)
            (-0.0000,  3.8046,  -0.0000, 0.0000)
            (-0.8940, -0.0000,  -3.6981, 0.0000)
            (36.4717, -0.5565, -41.4891, 1.0000)>
MESH
Mountain_Group_2.096
<Matrix 4x4 (-3.6981,  0.0000,   0.8940, 0.0000)
            (-0.0000,  3.8046,  -0.0000, 0.0000)
            (-0.8940, -0.0000,  -3.6981, 0.0000)
            (34.6411, -0.4703, -41.2810, 1.0000)>
MESH
Mountain_Group_2.097
<Matrix 4x4 ( 0.5345,  0.0000,  -4.5411, 0.0000)
            ( 0.0000,  4.5725,   0.0000, 0.0000)
            ( 4.5411, -0.0000,   0.5345, 0.0000)
            (34.5395, -0.5997, -31.8961, 1.0000)>
MESH
Mountain_Group_2.098
<Matrix 4x4 ( 3.9463,  0.0000,   2.3095, 0.0000)
            (-0.0000,  4.5725,   0.0000, 0.0000)
            (-2.3095, -0.0000,   3.9463, 0.0000)
            (27.1719, -0.5997, -30.1149, 1.0000)>
MESH
Mountain_Group_2.099
<Matrix 4x4 (-3.6981,  0.0000,   0.8940, 0.0000)
            (-0.0000,  3.8046,  -0.0000, 0.0000)
            (-0.8940, -0.0000,  -3.6981, 0.0000)
            (21.8851, -0.5565, -37.9626, 1.0000)>
MESH
Cube
<Matrix 4x4 ( 1.0000,  0.0000,  0.0000, 0.0000)
            ( 0.0000,  0.0000, -1.0000, 0.0000)
            ( 0.0000,  1.0000,  0.0000, 0.0000)
            (-0.3023, -0.0242,  0.2317, 1.0000)>
