# Game Level Exporter v1.3
LIGHT
Light
<Matrix 4x4 (-0.2909, -0.0552,  0.9552, 0.0000)
            (-0.7711,  0.6045, -0.1999, 0.0000)
            (-0.5664, -0.7947, -0.2184, 0.0000)
            (-0.3566,  5.9039,  0.2643, 1.0000)>
CAMERA
Camera
<Matrix 4x4 ( 0.6859,  0.0000,  0.7277, 0.0000)
            (-0.3240,  0.8954,  0.3054, 0.0000)
            (-0.6516, -0.4453,  0.6142, 0.0000)
            ( 7.3589,  4.9583, -6.9258, 1.0000)>
MESH
Plane
<Matrix 4x4 (12.3847,   0.0000,  0.0000, 0.0000)
            ( 0.0000,   0.0000, 12.3847, 0.0000)
            ( 0.0000, -12.3847,  0.0000, 0.0000)
            ( 0.0000,   0.0000,  0.0000, 1.0000)>
MESH
Arch_Door
<Matrix 4x4 ( 1.4657,  0.0000,  0.0000, 0.0000)
            ( 0.0000,  1.4657,  0.0000, 0.0000)
            ( 0.0000, -0.0000,  1.4657, 0.0000)
            (-0.6962,  0.0036, 11.7116, 1.0000)>
MESH
Barrel
<Matrix 4x4 ( 1.0000,  0.0000,  0.0000, 0.0000)
            ( 0.0000,  1.0000,  0.0000, 0.0000)
            ( 0.0000, -0.0000,  1.0000, 0.0000)
            (-3.8063,  1.3369, -5.9660, 1.0000)>
MESH
Chair
<Matrix 4x4 (-1.0442, -0.0000,  1.1291, 0.0000)
            ( 0.0000,  1.5379,  0.0000, 0.0000)
            (-1.1291,  0.0000, -1.0442, 0.0000)
            (-2.8957, -0.0234, -5.2316, 1.0000)>
MESH
Chest_Gold
<Matrix 4x4 ( 2.1075,  0.0000, 0.0000, 0.0000)
            ( 0.0000,  2.1075, 0.0000, 0.0000)
            ( 0.0000, -0.0000, 2.1075, 0.0000)
            (-0.1107,  0.0080, 0.2525, 1.0000)>
MESH
Coin_Pile
<Matrix 4x4 (11.0746,  0.0000,  0.0000, 0.0000)
            ( 0.0000, 11.0746,  0.0000, 0.0000)
            ( 0.0000, -0.0000, 11.0746, 0.0000)
            ( 9.0147,  0.0198,  8.6320, 1.0000)>
MESH
Column
<Matrix 4x4 ( 1.0000,  0.0000,  0.0000, 0.0000)
            ( 0.0000,  1.0000,  0.0000, 0.0000)
            ( 0.0000, -0.0000,  1.0000, 0.0000)
            (10.7748, -0.0155, 10.1461, 1.0000)>
MESH
Bag_Coins
<Matrix 4x4 (-5.8802, -0.0000, -2.9133, 0.0000)
            ( 0.0000,  6.5623, -0.0000, 0.0000)
            ( 2.9133, -0.0000, -5.8802, 0.0000)
            ( 2.6023,  0.0000,  2.3821, 1.0000)>
MESH
Column.001
<Matrix 4x4 (  1.0000,  0.0000, 0.0000, 0.0000)
            (  0.0000,  1.0000, 0.0000, 0.0000)
            (  0.0000, -0.0000, 1.0000, 0.0000)
            (-10.9382, -0.0032, 9.9564, 1.0000)>
MESH
Column.002
<Matrix 4x4 (  1.0000,  0.0000,   0.0000, 0.0000)
            (  0.0000,  1.0000,   0.0000, 0.0000)
            (  0.0000, -0.0000,   1.0000, 0.0000)
            (-10.7485,  0.0112, -10.0723, 1.0000)>
MESH
Column.003
<Matrix 4x4 ( 1.0000,  0.0000,   0.0000, 0.0000)
            ( 0.0000,  1.0000,   0.0000, 0.0000)
            ( 0.0000, -0.0000,   1.0000, 0.0000)
            (10.8114, -0.0325, -10.1641, 1.0000)>
MESH
Coin_Pile.001
<Matrix 4x4 (-9.4957,  0.0000, -5.6991, 0.0000)
            ( 0.0000, 11.0746, -0.0000, 0.0000)
            ( 5.6991, -0.0000, -9.4957, 0.0000)
            (-9.5892,  0.1110, -8.9023, 1.0000)>
MESH
Coin_Pile.002
<Matrix 4x4 (11.0746,  0.0000,  0.0000, 0.0000)
            ( 0.0000, 11.0746,  0.0000, 0.0000)
            ( 0.0000, -0.0000, 11.0746, 0.0000)
            ( 0.7676,  0.0412,  2.7804, 1.0000)>
MESH
Coin_Pile.003
<Matrix 4x4 (-6.5707,  0.0000,  8.9147, 0.0000)
            (-0.0000, 11.0746, -0.0000, 0.0000)
            (-8.9147, -0.0000, -6.5707, 0.0000)
            (-9.7622,  0.0391,  8.4843, 1.0000)>
MESH
Coin_Pile.004
<Matrix 4x4 ( 0.6023,  0.0000, -11.0582, 0.0000)
            ( 0.0000, 11.0746,   0.0000, 0.0000)
            (11.0582, -0.0000,   0.6023, 0.0000)
            ( 9.5104,  0.0392,  -9.0198, 1.0000)>
MESH
Barrel.001
<Matrix 4x4 ( 1.0000,  0.0000,  0.0000, 0.0000)
            ( 0.0000,  1.0000,  0.0000, 0.0000)
            ( 0.0000, -0.0000,  1.0000, 0.0000)
            (-3.3999, -0.0153, -6.3770, 1.0000)>
MESH
Barrel.002
<Matrix 4x4 ( 1.0000,  0.0000,  0.0000, 0.0000)
            ( 0.0000,  1.0000,  0.0000, 0.0000)
            ( 0.0000, -0.0000,  1.0000, 0.0000)
            (-4.1222, -0.0153, -5.6067, 1.0000)>
MESH
Barrel.003
<Matrix 4x4 ( 0.1405,  0.0000,  0.9901, 0.0000)
            (-0.0000,  1.0000,  0.0000, 0.0000)
            (-0.9901, -0.0000,  0.1405, 0.0000)
            ( 4.6348,  1.3358, -6.0107, 1.0000)>
MESH
Barrel.004
<Matrix 4x4 ( 0.1405,  0.0000,  0.9901, 0.0000)
            (-0.0000,  1.0000,  0.0000, 0.0000)
            (-0.9901, -0.0000,  0.1405, 0.0000)
            ( 5.0988, -0.0164, -5.6661, 1.0000)>
MESH
Barrel.005
<Matrix 4x4 ( 0.1405,  0.0000,  0.9901, 0.0000)
            (-0.0000,  1.0000,  0.0000, 0.0000)
            (-0.9901, -0.0000,  0.1405, 0.0000)
            ( 4.2347, -0.0164, -6.2729, 1.0000)>
MESH
Chair.001
<Matrix 4x4 (-1.1771,  0.0000, -0.9898, 0.0000)
            ( 0.0000,  1.5379, -0.0000, 0.0000)
            ( 0.9898, -0.0000, -1.1771, 0.0000)
            ( 3.9345, -0.0041, -5.1904, 1.0000)>
MESH
Chest.003
<Matrix 4x4 ( 1.6903, -0.0000, 0.0135, 0.0000)
            (-0.0000,  1.6903, 0.0000, 0.0000)
            (-0.0135, -0.0000, 1.6903, 0.0000)
            ( 3.6781, -0.0044, 9.7040, 1.0000)>
MESH
Chest.004
<Matrix 4x4 ( 1.6902,  0.0000, 0.0200, 0.0000)
            (-0.0000,  1.6903, 0.0000, 0.0000)
            (-0.0200, -0.0000, 1.6902, 0.0000)
            (-4.3622, -0.0107, 9.8954, 1.0000)>
MESH
Chest.007
<Matrix 4x4 (0.0087,  0.0000, -1.7625, 0.0000)
            (0.0000,  1.7626,  0.0000, 0.0000)
            (1.7625, -0.0000,  0.0087, 0.0000)
            (9.6853, -0.0550,  4.7126, 1.0000)>
MESH
Chest.008
<Matrix 4x4 (0.0087,  0.0000, -1.7625, 0.0000)
            (0.0000,  1.7626,  0.0000, 0.0000)
            (1.7625, -0.0000,  0.0087, 0.0000)
            (9.7628, -0.0691,  1.2169, 1.0000)>
MESH
Chest.009
<Matrix 4x4 (0.0087,  0.0000, -1.7625, 0.0000)
            (0.0000,  1.7626,  0.0000, 0.0000)
            (1.7625, -0.0000,  0.0087, 0.0000)
            (9.8474, -0.0547, -2.6003, 1.0000)>
MESH
Chest.010
<Matrix 4x4 (0.0087,  0.0000, -1.7625, 0.0000)
            (0.0000,  1.7626,  0.0000, 0.0000)
            (1.7625, -0.0000,  0.0087, 0.0000)
            (9.9249, -0.0524, -6.0961, 1.0000)>
MESH
Bag_Coins.004
<Matrix 4x4 ( 5.6897,  0.0000,  3.4759, 0.0000)
            (-0.0000,  6.6674,  0.0000, 0.0000)
            (-3.4759, -0.0000,  5.6897, 0.0000)
            (-2.8626,  0.0000, -1.9117, 1.0000)>
MESH
Bag_Coins.001
<Matrix 4x4 (-4.7402,  0.0000,  4.5382, 0.0000)
            (-0.0000,  6.5623, -0.0000, 0.0000)
            (-4.5382, -0.0000, -4.7402, 0.0000)
            ( 2.6023,  0.0000, -2.0093, 1.0000)>
MESH
Bag_Coins.002
<Matrix 4x4 (-6.5470,  0.0000,  0.4480, 0.0000)
            (-0.0000,  6.5623, -0.0000, 0.0000)
            (-0.4480, -0.0000, -6.5470, 0.0000)
            ( 2.6023,  0.0000,  0.2352, 1.0000)>
MESH
Bag_Coins.003
<Matrix 4x4 ( 6.6673,  0.0000, -0.0420, 0.0000)
            ( 0.0000,  6.6674,  0.0000, 0.0000)
            ( 0.0420, -0.0000,  6.6673, 0.0000)
            (-2.8626,  0.0000,  0.1051, 1.0000)>
MESH
Bag_Coins.005
<Matrix 4x4 ( 5.8276,  0.0000, -3.2394, 0.0000)
            ( 0.0000,  6.6674,  0.0000, 0.0000)
            ( 3.2394, -0.0000,  5.8276, 0.0000)
            (-2.8626,  0.0000,  2.4146, 1.0000)>
MESH
Coin_Pile.005
<Matrix 4x4 (-10.9855,  0.0000,  -1.4018, 0.0000)
            (  0.0000, 11.0746,  -0.0000, 0.0000)
            (  1.4018, -0.0000, -10.9855, 0.0000)
            ( -0.7938, -0.0117,   2.7629, 1.0000)>
MESH
Bag_Coins.006
<Matrix 4x4 (-4.5308,  0.0000, -4.7472, 0.0000)
            ( 0.0000,  6.5623, -0.0000, 0.0000)
            ( 4.7472, -0.0000, -4.5308, 0.0000)
            ( 1.9326,  0.0000,  4.7264, 1.0000)>
MESH
Bag_Coins.007
<Matrix 4x4 ( 4.8967,  0.0000, -4.5252, 0.0000)
            ( 0.0000,  6.6674,  0.0000, 0.0000)
            ( 4.5252, -0.0000,  4.8967, 0.0000)
            (-2.3305,  0.0000,  4.5021, 1.0000)>
MESH
Skull.002
<Matrix 4x4 (-0.1211,  0.0000,  1.8973, 0.0000)
            (-0.0000,  1.9012, -0.0000, 0.0000)
            (-1.8973, -0.0000, -0.1211, 0.0000)
            (-4.3802,  1.3307,  9.9610, 1.0000)>
MESH
Skull.003
<Matrix 4x4 ( 1.8945,  0.0000,  0.1586, 0.0000)
            (-0.0000,  1.9012,  0.0000, 0.0000)
            (-0.1586, -0.0000,  1.8945, 0.0000)
            ( 9.8701,  1.4460, -6.1170, 1.0000)>
MESH
Skull.004
<Matrix 4x4 (1.9011,  0.0000, -0.0202, 0.0000)
            (0.0000,  1.9012,  0.0000, 0.0000)
            (0.0202, -0.0000,  1.9011, 0.0000)
            (9.7816,  1.4316,  4.7171, 1.0000)>
MESH
Skull.005
<Matrix 4x4 ( 1.8935,  0.0000,  0.1701, 0.0000)
            (-0.0000,  1.9012,  0.0000, 0.0000)
            (-0.1701, -0.0000,  1.8935, 0.0000)
            ( 9.7924,  1.4451, -2.6235, 1.0000)>
MESH
Skull.008
<Matrix 4x4 (-0.0803,  0.0000,  1.8995, 0.0000)
            (-0.0000,  1.9012, -0.0000, 0.0000)
            (-1.8995, -0.0000, -0.0803, 0.0000)
            ( 3.6753,  1.2959,  9.7829, 1.0000)>
MESH
Skull.009
<Matrix 4x4 ( 0.0366,  0.0000, 1.9008, 0.0000)
            (-0.0000,  1.9012, 0.0000, 0.0000)
            (-1.9008, -0.0000, 0.0366, 0.0000)
            (-0.0931,  1.1149, 0.3679, 1.0000)>
MESH
Skull.010
<Matrix 4x4 ( 1.9007,  0.0000, 0.0412, 0.0000)
            (-0.0000,  1.9012, 0.0000, 0.0000)
            (-0.0412, -0.0000, 1.9007, 0.0000)
            ( 9.7539,  1.4021, 1.1473, 1.0000)>
MESH
Chest.011
<Matrix 4x4 (-0.0045,  0.0000,  1.7626, 0.0000)
            (-0.0000,  1.7626, -0.0000, 0.0000)
            (-1.7626, -0.0000, -0.0045, 0.0000)
            (-9.8826, -0.0157, -6.0911, 1.0000)>
MESH
Chest.012
<Matrix 4x4 (-0.0045,  0.0000,  1.7626, 0.0000)
            (-0.0000,  1.7626, -0.0000, 0.0000)
            (-1.7626, -0.0000, -0.0045, 0.0000)
            (-9.9517, -0.0011, -2.5952, 1.0000)>
MESH
Chest.013
<Matrix 4x4 ( -0.0045,  0.0000,  1.7626, 0.0000)
            ( -0.0000,  1.7626, -0.0000, 0.0000)
            ( -1.7626, -0.0000, -0.0045, 0.0000)
            (-10.0272,  0.0110,  1.2222, 1.0000)>
MESH
Chest.014
<Matrix 4x4 ( -0.0045,  0.0000,  1.7626, 0.0000)
            ( -0.0000,  1.7626, -0.0000, 0.0000)
            ( -1.7626, -0.0000, -0.0045, 0.0000)
            (-10.0963, -0.0306,  4.7181, 1.0000)>
MESH
Skull.011
<Matrix 4x4 ( -1.8949,  0.0000, -0.1541, 0.0000)
            (  0.0000,  1.9012, -0.0000, 0.0000)
            (  0.1541, -0.0000, -1.8949, 0.0000)
            (-10.0414,  1.4598,  4.7389, 1.0000)>
MESH
Skull.012
<Matrix 4x4 (-1.9010,  0.0000,  0.0248, 0.0000)
            (-0.0000,  1.9012, -0.0000, 0.0000)
            (-0.0248, -0.0000, -1.9010, 0.0000)
            (-9.9789,  1.4671, -6.0954, 1.0000)>
MESH
Skull.013
<Matrix 4x4 (-1.8939,  0.0000, -0.1655, 0.0000)
            ( 0.0000,  1.9012, -0.0000, 0.0000)
            ( 0.1655, -0.0000, -1.8939, 0.0000)
            (-9.9721,  1.4982,  1.2453, 1.0000)>
MESH
Skull.014
<Matrix 4x4 (-1.9008,  0.0000, -0.0367, 0.0000)
            ( 0.0000,  1.9012, -0.0000, 0.0000)
            ( 0.0367, -0.0000, -1.9008, 0.0000)
            (-9.9426,  1.4914, -2.5256, 1.0000)>
MESH
Skull.001
<Matrix 4x4 (0.7008,  0.0000, -0.8007, 0.0000)
            (0.0000,  1.0641,  0.0000, 0.0000)
            (0.8007, -0.0000,  0.7008, 0.0000)
            (3.7903,  0.7217, -5.0182, 1.0000)>
MESH
Skull.006
<Matrix 4x4 (-0.8053,  0.0000, -0.6955, 0.0000)
            ( 0.0000,  1.0641, -0.0000, 0.0000)
            ( 0.6955, -0.0000, -0.8053, 0.0000)
            (-2.8021,  0.6963, -5.0767, 1.0000)>
MESH
Coin_Pile.006
<Matrix 4x4 (8.7598,  0.0000, -6.7759, 0.0000)
            (0.0000, 11.0746,  0.0000, 0.0000)
            (6.7759, -0.0000,  8.7598, 0.0000)
            (0.3223, -0.0018,  4.6609, 1.0000)>
MESH
Coin_Pile.007
<Matrix 4x4 ( 0.1246,  0.0000, 8.9802, 0.0000)
            (-0.0000,  8.9811, 0.0000, 0.0000)
            (-8.9802, -0.0000, 0.1246, 0.0000)
            (-0.7938, -0.0004, 4.8185, 1.0000)>
MESH
Floor_BricksSeparate
<Matrix 4x4 (  0.7425,  0.0000, 0.8361, 0.0000)
            ( -0.0000,  1.1182, 0.0000, 0.0000)
            ( -0.8361, -0.0000, 0.7425, 0.0000)
            (-10.8647,  0.0029, 7.5545, 1.0000)>
MESH
Floor_BricksSeparate.001
<Matrix 4x4 (-0.3524,  0.0000, -1.0612, 0.0000)
            ( 0.0000,  1.1182, -0.0000, 0.0000)
            ( 1.0612, -0.0000, -0.3524, 0.0000)
            (-9.1574,  0.0029,  9.8077, 1.0000)>
MESH
Floor_BricksSeparate.002
<Matrix 4x4 (-1.0907,  0.0000,  0.2464, 0.0000)
            (-0.0000,  1.1182, -0.0000, 0.0000)
            (-0.2464, -0.0000, -1.0907, 0.0000)
            (-8.5071,  0.0029,  7.5110, 1.0000)>
MESH
Floor_BricksSeparate.003
<Matrix 4x4 ( 0.5540,  0.0000, 0.9713, 0.0000)
            (-0.0000,  1.1182, 0.0000, 0.0000)
            (-0.9713, -0.0000, 0.5540, 0.0000)
            ( 7.8127,  0.0242, 8.1242, 1.0000)>
MESH
Floor_BricksSeparate.004
<Matrix 4x4 (0.1619,  0.0000, -1.1064, 0.0000)
            (0.0000,  1.1182,  0.0000, 0.0000)
            (1.1064, -0.0000,  0.1619, 0.0000)
            (8.5219,  0.0242, 10.2366, 1.0000)>
MESH
Floor_BricksSeparate.005
<Matrix 4x4 (-1.1169,  0.0000,  0.0540, 0.0000)
            (-0.0000,  1.1182, -0.0000, 0.0000)
            (-0.0540, -0.0000, -1.1169, 0.0000)
            (10.6804,  0.0242,  8.7514, 1.0000)>
MESH
Floor_BricksSeparate.006
<Matrix 4x4 (0.9160,  0.0000, -0.6412, 0.0000)
            (0.0000,  1.1182,  0.0000, 0.0000)
            (0.6412, -0.0000,  0.9160, 0.0000)
            (8.4100,  0.1368, -8.2737, 1.0000)>
MESH
Floor_BricksSeparate.007
<Matrix 4x4 (-1.0375,  0.0000, -0.4171, 0.0000)
            ( 0.0000,  1.1182, -0.0000, 0.0000)
            ( 0.4171, -0.0000, -1.0375, 0.0000)
            (10.9748,  0.0437, -8.2834, 1.0000)>
MESH
Floor_BricksSeparate.008
<Matrix 4x4 ( 0.1863,  0.0000,   1.1026, 0.0000)
            (-0.0000,  1.1182,   0.0000, 0.0000)
            (-1.1026, -0.0000,   0.1863, 0.0000)
            ( 9.2436,  0.0170, -10.4558, 1.0000)>
MESH
Floor_BricksSeparate.009
<Matrix 4x4 (  1.1068,  0.0000,  0.1593, 0.0000)
            ( -0.0000,  1.1182,  0.0000, 0.0000)
            ( -0.1593, -0.0000,  1.1068, 0.0000)
            (-10.9679,  0.0806, -8.4760, 1.0000)>
MESH
Floor_BricksSeparate.010
<Matrix 4x4 (-0.9542,  0.0000, -0.5830, 0.0000)
            ( 0.0000,  1.1182, -0.0000, 0.0000)
            ( 0.5830, -0.0000, -0.9542, 0.0000)
            (-8.3926,  0.0806, -8.3957, 1.0000)>
MESH
Floor_BricksSeparate.011
<Matrix 4x4 (-0.3886,  0.0000,   1.0485, 0.0000)
            (-0.0000,  1.1182,  -0.0000, 0.0000)
            (-1.0485, -0.0000,  -0.3886, 0.0000)
            (-8.9118,  0.0806, -10.5343, 1.0000)>
MESH
Wall_Modular
<Matrix 4x4 ( 2.4033,  0.0000,  0.0000, 0.0000)
            ( 0.0000,  2.4033,  0.0000, 0.0000)
            ( 0.0000, -0.0000,  2.4033, 0.0000)
            (-1.8487,  2.2938, 12.2376, 1.0000)>
MESH
Wall_Modular.001
<Matrix 4x4 (2.4033,  0.0000,  0.0000, 0.0000)
            (0.0000,  2.4033,  0.0000, 0.0000)
            (0.0000, -0.0000,  2.4033, 0.0000)
            (2.0687,  2.2938, 12.2376, 1.0000)>
MESH
Wall_Modular.002
<Matrix 4x4 (  2.4033,  0.0000,  0.0000, 0.0000)
            (  0.0000,  2.4033,  0.0000, 0.0000)
            (  0.0000, -0.0000,  2.4033, 0.0000)
            (-10.1171,  2.2938, 12.2376, 1.0000)>
MESH
Wall_Modular.003
<Matrix 4x4 ( 2.4033,  0.0000,  0.0000, 0.0000)
            ( 0.0000,  2.4033,  0.0000, 0.0000)
            ( 0.0000, -0.0000,  2.4033, 0.0000)
            (-6.1998,  2.2938, 12.2376, 1.0000)>
MESH
Wall_Modular.004
<Matrix 4x4 (2.4033,  0.0000,  0.0000, 0.0000)
            (0.0000,  2.4033,  0.0000, 0.0000)
            (0.0000, -0.0000,  2.4033, 0.0000)
            (5.9453,  2.2938, 12.2457, 1.0000)>
MESH
Wall_Modular.005
<Matrix 4x4 ( 2.4033,  0.0000,  0.0000, 0.0000)
            ( 0.0000,  2.4033,  0.0000, 0.0000)
            ( 0.0000, -0.0000,  2.4033, 0.0000)
            (10.3089,  2.2938, 12.2457, 1.0000)>
MESH
Wall_Modular.006
<Matrix 4x4 ( 0.0138,  0.0000,  2.4033, 0.0000)
            (-0.0000,  2.4033,  0.0000, 0.0000)
            (-2.4033, -0.0000,  0.0138, 0.0000)
            (12.2569,  2.2938, -1.9676, 1.0000)>
MESH
Wall_Modular.007
<Matrix 4x4 ( 0.0138,  0.0000, 2.4033, 0.0000)
            (-0.0000,  2.4033, 0.0000, 0.0000)
            (-2.4033, -0.0000, 0.0138, 0.0000)
            (12.2794,  2.2938, 1.9497, 1.0000)>
MESH
Wall_Modular.008
<Matrix 4x4 ( 0.0138,  0.0000,   2.4033, 0.0000)
            (-0.0000,  2.4033,   0.0000, 0.0000)
            (-2.4033, -0.0000,   0.0138, 0.0000)
            (12.2095,  2.2938, -10.2360, 1.0000)>
MESH
Wall_Modular.009
<Matrix 4x4 ( 0.0138,  0.0000,  2.4033, 0.0000)
            (-0.0000,  2.4033,  0.0000, 0.0000)
            (-2.4033, -0.0000,  0.0138, 0.0000)
            (12.2320,  2.2938, -6.3186, 1.0000)>
MESH
Wall_Modular.010
<Matrix 4x4 ( 0.0138,  0.0000, 2.4033, 0.0000)
            (-0.0000,  2.4033, 0.0000, 0.0000)
            (-2.4033, -0.0000, 0.0138, 0.0000)
            (12.2936,  2.2938, 5.8262, 1.0000)>
MESH
Wall_Modular.011
<Matrix 4x4 ( 0.0138,  0.0000,  2.4033, 0.0000)
            (-0.0000,  2.4033,  0.0000, 0.0000)
            (-2.4033, -0.0000,  0.0138, 0.0000)
            (12.3186,  2.2938, 10.1898, 1.0000)>
MESH
Wall_Modular.012
<Matrix 4x4 (  0.0251,  0.0000, -2.4032, 0.0000)
            (  0.0000,  2.4033,  0.0000, 0.0000)
            (  2.4032, -0.0000,  0.0251, 0.0000)
            (-12.2623,  2.2938,  2.1794, 1.0000)>
MESH
Wall_Modular.013
<Matrix 4x4 (  0.0251,  0.0000, -2.4032, 0.0000)
            (  0.0000,  2.4033,  0.0000, 0.0000)
            (  2.4032, -0.0000,  0.0251, 0.0000)
            (-12.2214,  2.2938, -1.7378, 1.0000)>
MESH
Wall_Modular.014
<Matrix 4x4 (  0.0251,  0.0000, -2.4032, 0.0000)
            (  0.0000,  2.4033,  0.0000, 0.0000)
            (  2.4032, -0.0000,  0.0251, 0.0000)
            (-12.3487,  2.2938, 10.4474, 1.0000)>
MESH
Wall_Modular.015
<Matrix 4x4 (  0.0251,  0.0000, -2.4032, 0.0000)
            (  0.0000,  2.4033,  0.0000, 0.0000)
            (  2.4032, -0.0000,  0.0251, 0.0000)
            (-12.3078,  2.2938,  6.5302, 1.0000)>
MESH
Wall_Modular.016
<Matrix 4x4 (  0.0251,  0.0000, -2.4032, 0.0000)
            (  0.0000,  2.4033,  0.0000, 0.0000)
            (  2.4032, -0.0000,  0.0251, 0.0000)
            (-12.1728,  2.2938, -5.6140, 1.0000)>
MESH
Wall_Modular.017
<Matrix 4x4 (  0.0251,  0.0000, -2.4032, 0.0000)
            (  0.0000,  2.4033,  0.0000, 0.0000)
            (  2.4032, -0.0000,  0.0251, 0.0000)
            (-12.1273,  2.2938, -9.9774, 1.0000)>
MESH
Coin_Pile.008
<Matrix 4x4 (-7.5051,  0.0000, -4.5044, 0.0000)
            ( 0.0000,  8.7531, -0.0000, 0.0000)
            ( 4.5044, -0.0000, -7.5051, 0.0000)
            (-2.0170,  0.1110, -6.0815, 1.0000)>
MESH
Coin_Pile.009
<Matrix 4x4 (3.0712,  0.0000, -8.1966, 0.0000)
            (0.0000,  8.7531,  0.0000, 0.0000)
            (8.1966, -0.0000,  3.0712, 0.0000)
            (2.8904,  0.1110, -6.0815, 1.0000)>
